============= Iteration : 1=============
Supposed(Tagged As) : B-Name(B-Name)

11
20
44
67
105
160
183
207
255
318
339
390
426
533
585
621
650
672
702
795
843
864
946
960
993
1064
1090
1253
1445
1525
1541
1593
1614
1654
1698
1717
1801
1891
1973
2011
2146
2166
2222
2253
2292
2305
2353
2395
2424
2449
2472
2514
2566
2585
2597
2717
2736
2757
2788
2840
2859
2884
2924
3010
3032
3097
3158
3186
3211
3298
3387
3418
3439
3484
3553
3576
3675
3699
3716
3756
3778
3824
3844
3877
3899
3946
3972
Supposed(Tagged As) : B-Name(I-Name)

280
302
374
455
1009
1135
1235
1386
1424
1678
1738
1763
1825
1950
2099
2206
2236
2666
2998
3085
3251
3736
3997
Supposed(Tagged As) : B-Name(B-Time)

1567
Supposed(Tagged As) : B-Name(I-Time)

236
513
594
1278
2378
Supposed(Tagged As) : B-Name(B-Location)

1197
1935
Supposed(Tagged As) : B-Name(I-Location)

Supposed(Tagged As) : B-Name(O)

47
86
126
142
411
470
493
529
556
607
760
769
840
896
918
1026
1039
1110
1159
1179
1194
1211
1295
1312
1337
1358
1401
1473
1499
1514
1665
1669
1788
1838
1861
1876
1912
1931
1996
2040
2084
2133
2279
2330
2411
2494
2555
2625
2643
2687
2709
2746
2808
2815
2904
2947
2973
3060
3115
3133
3234
3281
3318
3337
3404
3509
3531
3604
3622
3642
3663
3764
3799
3865
3918
4004
Supposed(Tagged As) : I-Name(B-Name)

127
238
473
557
608
900
1111
1359
1878
2041
2085
2379
2818
2905
3134
3338
3800
Supposed(Tagged As) : I-Name(I-Name)

68
69
70
106
107
108
109
110
111
112
113
114
128
129
161
162
163
184
185
208
209
210
211
212
239
240
241
242
256
257
258
259
260
261
262
263
264
281
282
283
284
285
303
304
305
319
320
321
322
323
324
340
341
342
375
391
392
427
428
429
430
431
456
474
475
534
535
536
537
558
559
609
622
623
624
625
626
627
628
651
652
673
674
675
676
677
678
679
703
796
797
844
865
866
901
902
947
948
961
962
963
964
965
966
967
1010
1065
1066
1067
1068
1069
1070
1071
1091
1092
1093
1094
1095
1112
1113
1114
1115
1136
1137
1236
1237
1238
1239
1254
1255
1360
1387
1388
1389
1390
1446
1447
1448
1449
1450
1451
1452
1453
1454
1455
1456
1526
1527
1528
1542
1543
1594
1595
1596
1597
1598
1599
1615
1655
1656
1657
1679
1680
1699
1700
1718
1739
1740
1764
1765
1766
1802
1803
1804
1826
1827
1879
1880
1881
1951
1952
1953
1954
1955
1956
1974
1975
1976
1977
1978
2012
2013
2014
2015
2042
2043
2086
2087
2100
2147
2167
2168
2169
2170
2171
2172
2173
2174
2207
2208
2209
2210
2223
2237
2238
2254
2293
2294
2295
2296
2306
2307
2354
2355
2356
2380
2381
2396
2397
2425
2426
2450
2451
2452
2453
2473
2474
2475
2476
2477
2478
2479
2480
2481
2482
2515
2516
2517
2518
2519
2520
2521
2567
2568
2569
2586
2587
2588
2589
2598
2599
2600
2601
2602
2667
2718
2719
2720
2721
2737
2738
2739
2740
2741
2789
2790
2791
2819
2820
2821
2822
2823
2824
2825
2826
2841
2842
2843
2844
2860
2861
2862
2863
2864
2865
2885
2886
2925
2926
2927
2928
2999
3000
3011
3012
3013
3014
3033
3034
3035
3086
3087
3098
3099
3135
3187
3188
3189
3190
3191
3192
3212
3213
3214
3215
3216
3252
3253
3299
3339
3340
3341
3342
3343
3344
3388
3389
3419
3420
3421
3422
3440
3441
3485
3486
3487
3488
3554
3577
3578
3676
3677
3678
3679
3680
3700
3701
3702
3703
3704
3705
3717
3718
3779
3780
3801
3802
3803
3804
3825
3826
3827
3845
3846
3847
3878
3879
3900
3901
3947
3948
3949
3950
3951
3952
3953
3973
3974
3975
3998
Supposed(Tagged As) : I-Name(B-Time)

3100
Supposed(Tagged As) : I-Name(I-Time)

237
595
1279
1280
1568
1569
1570
3101
Supposed(Tagged As) : I-Name(B-Location)

1515
2556
3322
Supposed(Tagged As) : I-Name(I-Location)

1516
1517
1936
1937
1938
1939
2557
3323
Supposed(Tagged As) : I-Name(O)

48
49
50
51
52
53
87
88
89
90
115
130
164
165
166
457
471
472
514
515
516
517
518
610
761
770
771
772
897
898
899
919
1040
1041
1042
1043
1096
1138
1139
1180
1195
1338
1339
1340
1341
1361
1362
1363
1402
1403
1500
1518
1519
1529
1666
1839
1862
1877
1882
1883
1913
1914
1915
1916
1932
1933
1979
1997
1998
2088
2134
2280
2281
2357
2358
2359
2360
2361
2362
2412
2413
2414
2415
2416
2454
2558
2626
2627
2710
2711
2809
2816
2817
2845
2846
2847
2866
2948
2949
2974
3061
3062
3063
3064
3065
3066
3116
3136
3235
3236
3237
3254
3255
3256
3257
3300
3301
3302
3303
3319
3320
3321
3510
3511
3532
3533
3534
3535
3536
3605
3606
3607
3643
3644
3765
3766
3866
3867
3954
3955
Supposed(Tagged As) : B-Time(B-Name)

1949
2205
Supposed(Tagged As) : B-Time(I-Name)

12
186
1719
2225
2523
3739
3757
Supposed(Tagged As) : B-Time(B-Time)

55
93
140
153
168
181
222
234
266
326
386
388
440
449
477
491
511
539
569
592
603
654
705
722
803
811
883
888
904
910
923
944
1014
1022
1045
1097
1118
1156
1213
1241
1261
1274
1303
1310
1343
1365
1398
1414
1437
1458
1479
1523
1535
1554
1572
1583
1617
1639
1652
1790
1809
1830
1851
1864
1900
2017
2037
2050
2080
2106
2112
2178
2212
2233
2251
2276
2310
2364
2377
2392
2417
2432
2455
2469
2527
2571
2612
2623
2678
2685
2698
2723
2734
2754
2772
2830
2848
2874
2882
2910
2930
2957
2977
3002
3016
3043
3094
3113
3201
3209
3230
3259
3284
3305
3325
3425
3444
3465
3490
3513
3538
3562
3582
3589
3620
3652
3661
3682
3783
3807
3829
3868
3881
3909
3957
3977
4000
4006
Supposed(Tagged As) : B-Time(I-Time)

27
1750
1812
2484
2503
2654
2680
3102
3264
Supposed(Tagged As) : B-Time(B-Location)

Supposed(Tagged As) : B-Time(I-Location)

1202
2562
Supposed(Tagged As) : B-Time(O)

34
73
133
295
307
408
584
630
681
875
969
984
1049
1109
1141
1287
1502
1512
1592
1664
1706
1869
1918
1929
1946
1958
1986
2059
2131
2155
2260
2320
2593
2750
2780
2796
2810
3067
3369
3416
3471
3614
3798
3933
Supposed(Tagged As) : I-Time(B-Name)

985
Supposed(Tagged As) : I-Time(I-Name)

13
986
987
988
1720
2226
2227
2524
Supposed(Tagged As) : I-Time(B-Time)

74
190
309
633
876
1050
1142
1708
1870
1960
2060
2797
3069
3370
3937
Supposed(Tagged As) : I-Time(I-Time)

28
29
56
75
76
77
78
94
95
154
155
169
191
192
223
224
225
235
267
310
327
389
441
478
512
540
570
571
572
593
634
655
656
657
706
723
804
805
806
812
813
877
878
879
884
889
905
911
912
924
925
926
927
945
1015
1016
1023
1098
1099
1119
1143
1144
1157
1214
1242
1262
1275
1276
1277
1304
1305
1344
1366
1399
1415
1438
1439
1459
1480
1481
1536
1537
1538
1555
1556
1573
1574
1575
1584
1618
1619
1620
1653
1709
1751
1791
1810
1813
1814
1815
1816
1817
1852
1865
1866
1871
1872
1873
1901
1961
1962
1963
1964
1965
2018
2038
2051
2061
2107
2108
2113
2179
2213
2214
2252
2277
2311
2365
2393
2418
2419
2433
2456
2457
2458
2459
2470
2485
2486
2504
2505
2528
2529
2530
2531
2572
2573
2613
2681
2682
2699
2700
2724
2755
2798
2799
2800
2801
2831
2849
2875
2883
2911
2912
2913
2914
2931
2932
2958
2978
3003
3017
3044
3070
3071
3095
3103
3104
3202
3210
3260
3265
3285
3306
3326
3327
3371
3372
3426
3445
3466
3491
3492
3493
3494
3495
3514
3539
3563
3564
3583
3584
3590
3591
3653
3683
3684
3685
3686
3687
3784
3785
3786
3787
3808
3830
3831
3869
3882
3883
3910
3911
3938
3958
3978
4001
4007
Supposed(Tagged As) : I-Time(B-Location)

970
Supposed(Tagged As) : I-Time(I-Location)

2563
Supposed(Tagged As) : I-Time(O)

30
31
32
35
134
187
188
189
296
297
308
631
632
682
1203
1288
1440
1441
1707
1959
1987
3068
3615
3934
3935
3936
3939
3940
3941
Supposed(Tagged As) : B-Location(B-Name)

2020
Supposed(Tagged As) : B-Location(I-Name)

561
1166
2906
Supposed(Tagged As) : B-Location(B-Time)

Supposed(Tagged As) : B-Location(I-Time)

1264
1867
3004
Supposed(Tagged As) : B-Location(B-Location)

58
98
171
194
215
269
329
394
459
480
495
542
636
659
708
738
808
907
950
990
1121
1216
1244
1282
1346
1368
1410
1432
1461
1484
1532
1558
1577
1622
1659
1671
1753
1793
1854
1920
1968
2024
2102
2157
2283
2313
2367
2383
2435
2461
2488
2560
2630
2726
2782
2934
2980
3019
3046
3176
3224
3428
3468
3516
3541
3689
3752
3790
3810
3886
Supposed(Tagged As) : B-Location(I-Location)

382
972
1199
1941
Supposed(Tagged As) : B-Location(O)

22
136
157
312
684
921
929
1025
1048
1101
1145
1297
1314
1506
1638
1711
1732
1807
1832
2093
2136
2216
2242
2256
2399
2615
2657
2669
2702
2748
2851
2888
3106
3239
3287
3373
3447
3566
3617
3665
3741
3833
3871
3960
3980
Supposed(Tagged As) : I-Location(B-Name)

Supposed(Tagged As) : I-Location(I-Name)

1167
2021
2022
2907
Supposed(Tagged As) : I-Location(B-Time)

25
Supposed(Tagged As) : I-Location(I-Time)

26
1265
Supposed(Tagged As) : I-Location(B-Location)

685
930
1267
1298
1315
3240
3452
3570
3961
3985
Supposed(Tagged As) : I-Location(I-Location)

59
60
99
100
101
172
195
196
216
217
218
219
220
270
330
331
383
395
396
460
481
482
483
543
544
637
638
639
660
661
686
687
709
710
711
712
713
714
739
740
809
908
931
932
933
951
952
953
954
955
973
974
975
991
1122
1123
1124
1125
1126
1127
1200
1201
1217
1218
1219
1220
1221
1245
1246
1283
1284
1285
1299
1300
1301
1316
1317
1318
1347
1348
1349
1350
1351
1369
1370
1371
1411
1412
1433
1434
1462
1463
1464
1465
1466
1467
1468
1485
1486
1533
1559
1560
1561
1562
1563
1564
1578
1579
1623
1672
1754
1794
1795
1796
1855
1921
1922
1942
1969
2025
2026
2027
2028
2103
2104
2284
2285
2314
2315
2316
2317
2318
2368
2369
2384
2436
2462
2463
2489
2490
2561
2631
2632
2727
2728
2729
2783
2784
2785
2935
2981
3020
3021
3022
3023
3047
3177
3178
3179
3180
3181
3182
3183
3225
3226
3227
3228
3241
3429
3430
3431
3432
3433
3434
3453
3454
3469
3517
3542
3543
3544
3690
3753
3791
3792
3811
3812
3813
3814
3815
3816
3887
3888
3962
3963
3986
3987
Supposed(Tagged As) : I-Location(O)

23
24
271
272
1266
1302
1507
1712
1733
2217
2218
2257
2258
2437
2438
2439
2440
2616
2617
2618
2619
2620
2670
2671
2672
2673
2674
2675
2676
2677
2852
2889
2908
2909
3107
3108
3448
3449
3450
3451
3567
3568
3569
3742
3834
3835
3836
3837
3838
3981
3982
3983
3984
Supposed(Tagged As) : O(B-Name)

279
287
301
372
453
726
1007
1133
1161
1232
1329
1354
1385
1423
1475
1677
1694
1736
1762
1770
1824
1841
2062
2098
2235
2645
2662
2966
2997
3079
3246
3313
3361
3502
3526
3556
3734
3920
3996
4011
Supposed(Tagged As) : O(I-Name)

243
244
245
246
247
248
249
288
289
290
291
292
373
432
433
434
435
436
454
560
586
587
588
589
590
727
728
729
730
731
732
733
734
735
736
798
799
800
801
845
867
868
1008
1134
1162
1163
1164
1165
1233
1234
1330
1331
1355
1356
1476
1477
1701
1702
1703
1704
1737
1741
1742
1743
1744
1767
1768
1771
1772
1805
1842
1843
1844
1845
1846
1847
1848
1849
2044
2045
2046
2047
2048
2049
2063
2064
2065
2224
2308
2427
2522
2590
2646
2663
2664
2665
2742
2743
2744
2792
2793
2967
2968
2969
2970
2971
3080
3081
3082
3083
3084
3159
3217
3218
3219
3220
3221
3222
3247
3248
3249
3250
3314
3362
3390
3391
3392
3442
3503
3504
3505
3506
3507
3527
3557
3558
3559
3560
3735
3737
3738
3758
3759
3760
3848
3849
3850
3921
3922
3923
3924
4012
4013
4014
Supposed(Tagged As) : O(B-Time)

1748
1994
2344
2483
2501
2652
3160
3335
Supposed(Tagged As) : O(I-Time)

724
725
1263
1306
1749
1811
1874
2345
2502
2653
2679
2683
2735
3161
3261
3262
3263
Supposed(Tagged As) : O(B-Location)

251
346
359
379
462
850
1053
1173
1601
1682
1982
2005
3354
Supposed(Tagged As) : O(I-Location)

252
253
347
380
381
463
464
496
497
498
499
500
851
971
1054
1174
1175
1176
1198
1602
1603
1604
1605
1673
1683
1684
1685
1686
1687
1688
1689
1940
1983
1984
2006
2158
2159
2564
3691
Supposed(Tagged As) : O(O)

1
2
3
4
5
6
7
8
9
10
14
15
16
17
18
21
33
36
37
38
39
40
41
42
45
46
54
57
61
62
63
64
65
71
72
79
80
81
82
83
84
91
92
96
97
102
103
116
117
118
119
120
121
123
124
125
131
132
135
137
138
141
143
144
145
146
147
148
149
150
151
152
156
158
167
170
173
174
175
176
177
178
179
182
193
197
198
199
200
201
202
204
205
206
213
214
221
226
227
228
229
231
232
233
250
265
268
273
274
275
276
277
286
293
294
298
299
306
311
313
314
315
316
325
328
332
333
334
336
337
338
343
344
345
348
349
350
351
352
354
355
356
357
358
360
361
362
363
364
365
366
367
368
369
370
376
377
378
384
387
393
397
398
399
401
402
403
404
405
406
407
409
410
412
413
414
415
416
417
418
419
420
421
422
423
424
437
438
439
442
443
444
445
446
447
450
451
452
458
461
465
466
467
468
476
479
484
485
486
487
488
489
492
494
501
502
503
504
505
506
508
509
510
519
520
521
522
523
524
525
526
527
530
531
532
538
541
545
546
547
549
550
551
552
553
554
562
563
564
565
566
567
568
573
574
575
576
577
578
579
580
581
582
591
596
597
598
599
600
601
604
605
606
611
612
613
614
615
616
617
618
619
629
635
640
641
642
643
644
645
646
647
648
653
658
662
663
664
665
666
667
668
669
670
680
683
688
689
690
691
692
693
694
696
697
698
699
700
701
704
707
715
716
717
719
720
721
737
741
742
743
744
746
747
748
749
750
751
752
753
754
755
756
757
758
759
762
763
765
766
767
768
773
775
776
777
778
779
780
781
782
783
784
785
786
787
788
789
790
791
792
793
802
807
810
814
815
816
817
818
819
821
822
823
824
825
826
827
828
829
830
831
832
833
834
835
836
837
838
841
842
846
847
848
849
852
853
854
855
856
857
858
859
860
861
862
869
870
871
872
873
874
880
881
882
885
886
887
890
891
892
893
894
903
906
909
913
914
915
916
920
922
928
934
935
936
937
938
939
940
942
943
949
956
957
958
968
976
977
978
979
980
981
982
989
992
994
995
996
997
998
999
1000
1001
1002
1003
1004
1006
1011
1012
1013
1017
1018
1020
1021
1024
1027
1028
1029
1030
1031
1032
1033
1034
1035
1036
1038
1044
1046
1047
1051
1052
1055
1056
1057
1058
1059
1061
1062
1063
1072
1073
1074
1075
1076
1077
1078
1079
1080
1081
1082
1083
1084
1085
1086
1087
1089
1100
1102
1103
1104
1105
1106
1108
1116
1117
1120
1128
1129
1130
1132
1140
1146
1147
1148
1149
1150
1151
1152
1153
1154
1158
1160
1168
1169
1170
1171
1172
1177
1181
1182
1183
1184
1185
1186
1187
1188
1189
1190
1191
1192
1196
1204
1205
1207
1208
1209
1210
1212
1215
1222
1223
1224
1225
1226
1228
1229
1230
1231
1240
1243
1247
1248
1249
1250
1251
1256
1257
1258
1259
1260
1268
1269
1270
1272
1273
1281
1289
1290
1291
1292
1293
1294
1296
1307
1308
1311
1313
1319
1320
1321
1322
1323
1324
1325
1326
1327
1332
1333
1334
1335
1336
1342
1345
1352
1357
1364
1367
1372
1373
1374
1375
1377
1378
1379
1380
1381
1382
1383
1384
1391
1392
1393
1394
1395
1396
1400
1404
1405
1406
1407
1408
1409
1413
1416
1417
1418
1419
1420
1422
1425
1426
1427
1428
1429
1430
1431
1435
1436
1442
1443
1457
1460
1469
1470
1471
1474
1478
1482
1483
1487
1488
1489
1490
1491
1492
1493
1494
1495
1497
1498
1501
1503
1504
1505
1508
1509
1511
1513
1520
1521
1524
1530
1531
1534
1539
1544
1545
1546
1547
1548
1549
1550
1551
1552
1553
1557
1565
1571
1576
1580
1581
1582
1585
1586
1587
1588
1589
1590
1600
1606
1607
1609
1610
1611
1612
1613
1616
1621
1624
1625
1626
1627
1628
1630
1631
1632
1633
1634
1635
1636
1637
1640
1641
1642
1643
1644
1645
1646
1647
1649
1650
1651
1658
1660
1661
1662
1667
1668
1670
1674
1675
1681
1690
1691
1692
1693
1696
1697
1705
1710
1713
1714
1715
1721
1722
1723
1724
1725
1726
1727
1728
1729
1730
1731
1734
1745
1746
1747
1752
1755
1756
1757
1759
1760
1761
1773
1774
1775
1776
1777
1778
1779
1780
1782
1783
1784
1785
1786
1787
1789
1792
1797
1798
1799
1806
1808
1818
1819
1821
1822
1823
1828
1829
1831
1833
1834
1835
1836
1840
1850
1853
1856
1857
1858
1860
1863
1868
1884
1885
1887
1888
1889
1890
1892
1893
1894
1895
1896
1897
1898
1899
1902
1903
1904
1905
1907
1908
1909
1910
1911
1917
1919
1923
1924
1925
1926
1927
1930
1934
1943
1944
1945
1947
1957
1966
1967
1970
1971
1980
1981
1985
1988
1989
1990
1991
1993
1995
1999
2000
2001
2002
2003
2004
2007
2008
2009
2016
2019
2023
2029
2030
2031
2032
2033
2034
2035
2039
2052
2053
2054
2055
2057
2058
2066
2067
2068
2069
2070
2071
2072
2073
2074
2075
2076
2077
2078
2081
2082
2083
2089
2090
2091
2092
2094
2095
2097
2101
2105
2109
2110
2114
2115
2116
2117
2118
2119
2120
2121
2122
2123
2124
2125
2127
2128
2129
2130
2132
2135
2137
2138
2139
2140
2141
2142
2143
2144
2148
2149
2150
2151
2152
2153
2154
2156
2160
2161
2162
2163
2164
2175
2176
2177
2180
2181
2182
2183
2184
2185
2187
2188
2189
2190
2191
2192
2193
2194
2195
2196
2197
2198
2199
2200
2201
2202
2203
2211
2215
2219
2221
2228
2229
2230
2231
2234
2239
2240
2241
2243
2244
2245
2246
2247
2248
2249
2255
2259
2261
2262
2263
2264
2265
2266
2267
2268
2269
2270
2271
2272
2273
2274
2278
2282
2286
2287
2288
2289
2290
2297
2298
2299
2300
2301
2302
2303
2309
2312
2319
2321
2322
2323
2324
2325
2326
2327
2329
2331
2332
2333
2334
2335
2336
2337
2338
2339
2340
2341
2342
2343
2346
2347
2348
2349
2350
2351
2363
2366
2370
2371
2372
2374
2375
2376
2382
2385
2386
2387
2388
2389
2390
2394
2398
2400
2401
2402
2403
2404
2405
2406
2408
2409
2410
2420
2421
2422
2428
2429
2430
2431
2434
2441
2442
2443
2444
2445
2447
2448
2460
2464
2465
2466
2467
2471
2487
2491
2493
2495
2496
2497
2498
2499
2500
2506
2507
2508
2509
2510
2511
2512
2525
2526
2532
2533
2534
2536
2537
2538
2539
2540
2541
2542
2543
2544
2545
2546
2547
2548
2549
2550
2551
2552
2553
2554
2559
2570
2574
2575
2576
2577
2578
2579
2581
2582
2583
2584
2591
2592
2594
2595
2603
2604
2605
2606
2607
2608
2609
2610
2611
2614
2621
2624
2628
2629
2633
2634
2635
2636
2637
2638
2639
2640
2641
2644
2647
2648
2649
2650
2651
2655
2656
2658
2659
2660
2668
2686
2688
2689
2690
2691
2692
2693
2694
2695
2696
2697
2701
2703
2705
2706
2707
2708
2712
2713
2714
2715
2722
2725
2730
2731
2732
2745
2747
2749
2751
2752
2756
2758
2759
2760
2761
2762
2763
2764
2765
2766
2767
2768
2769
2770
2773
2774
2775
2776
2777
2778
2779
2781
2786
2794
2795
2802
2803
2804
2806
2807
2811
2812
2813
2827
2828
2829
2832
2833
2834
2835
2836
2837
2838
2850
2853
2854
2855
2856
2857
2867
2868
2869
2870
2871
2872
2873
2876
2877
2878
2880
2881
2887
2890
2891
2892
2893
2894
2895
2896
2897
2898
2899
2901
2902
2903
2915
2916
2917
2918
2919
2920
2921
2923
2929
2933
2936
2937
2938
2939
2940
2942
2943
2944
2945
2946
2950
2951
2952
2953
2954
2955
2956
2959
2960
2961
2962
2963
2964
2972
2975
2976
2979
2982
2983
2984
2985
2986
2987
2988
2990
2991
2992
2993
2994
2995
2996
3001
3005
3006
3007
3008
3015
3018
3024
3025
3026
3027
3028
3029
3030
3036
3037
3038
3039
3040
3041
3042
3045
3048
3049
3050
3051
3052
3053
3054
3056
3057
3058
3059
3072
3073
3075
3076
3077
3078
3088
3089
3090
3091
3092
3096
3105
3109
3110
3111
3114
3117
3118
3119
3120
3121
3122
3123
3124
3125
3126
3127
3128
3130
3131
3132
3137
3138
3139
3140
3141
3142
3143
3144
3145
3146
3147
3148
3150
3151
3152
3153
3154
3155
3156
3157
3162
3163
3164
3165
3167
3168
3169
3170
3171
3172
3173
3174
3175
3184
3193
3194
3195
3196
3197
3198
3199
3200
3203
3204
3205
3207
3208
3223
3231
3232
3233
3238
3242
3243
3244
3258
3266
3267
3268
3269
3271
3272
3273
3274
3275
3276
3277
3278
3279
3280
3282
3283
3286
3288
3289
3291
3292
3293
3294
3295
3296
3297
3304
3307
3308
3309
3310
3312
3315
3316
3317
3324
3328
3329
3330
3331
3332
3334
3336
3345
3346
3347
3348
3349
3350
3351
3352
3353
3355
3356
3357
3358
3359
3363
3364
3365
3366
3367
3368
3374
3375
3376
3377
3378
3379
3380
3381
3382
3384
3385
3386
3393
3394
3395
3396
3397
3399
3400
3401
3402
3403
3405
3406
3407
3408
3409
3410
3411
3412
3413
3415
3417
3423
3424
3427
3435
3436
3437
3443
3446
3455
3456
3457
3458
3459
3460
3461
3463
3464
3467
3470
3472
3473
3474
3475
3476
3477
3478
3480
3481
3482
3483
3489
3496
3497
3498
3499
3500
3508
3512
3515
3518
3519
3520
3521
3522
3523
3524
3528
3529
3530
3537
3540
3545
3546
3547
3548
3550
3551
3552
3555
3561
3565
3571
3572
3573
3574
3579
3580
3581
3585
3586
3587
3588
3592
3593
3594
3595
3596
3597
3598
3600
3601
3602
3603
3608
3609
3610
3611
3612
3613
3616
3618
3621
3623
3624
3625
3626
3627
3628
3629
3630
3631
3632
3633
3634
3635
3637
3638
3639
3640
3641
3645
3646
3647
3648
3649
3650
3651
3654
3655
3656
3657
3658
3659
3662
3664
3666
3667
3668
3669
3670
3671
3672
3673
3681
3688
3692
3693
3694
3696
3697
3698
3706
3707
3708
3709
3710
3711
3713
3714
3715
3719
3720
3721
3722
3723
3724
3725
3726
3727
3728
3730
3731
3732
3733
3740
3743
3744
3745
3746
3747
3749
3750
3751
3754
3755
3762
3763
3767
3768
3769
3770
3771
3772
3773
3774
3775
3776
3781
3782
3788
3789
3793
3794
3795
3797
3805
3806
3809
3817
3818
3819
3821
3822
3823
3828
3832
3839
3841
3842
3843
3851
3852
3853
3854
3855
3856
3857
3858
3859
3861
3862
3863
3864
3870
3872
3873
3874
3875
3880
3884
3885
3889
3890
3891
3892
3893
3894
3895
3896
3897
3902
3903
3904
3905
3906
3907
3908
3912
3913
3914
3915
3916
3919
3925
3926
3927
3928
3929
3930
3931
3932
3942
3943
3944
3956
3959
3964
3965
3966
3967
3968
3969
3970
3976
3979
3988
3989
3990
3991
3992
3993
3994
3999
4002
4003
4005
4008
4009
4010
4015
4016
4017
