============= Iteration : 1=============
Supposed(Tagged As) : B-Name(B-Name)

23
74
113
137
157
245
309
330
380
399
430
455
476
493
518
531
643
665
701
774
874
929
956
997
1010
1053
1121
1140
1150
1198
1213
1282
1308
1450
1477
1536
1563
1580
1599
1649
1710
1732
1746
1815
1863
1924
1943
1961
2005
2046
2076
2146
2167
2217
2348
2365
2450
2475
2483
2563
2585
2606
2679
2721
2907
2936
2952
2984
3012
3114
3187
3200
3259
3331
3382
3399
3427
3445
3465
3484
3525
3547
3588
3620
3672
3714
3756
3790
3838
3896
3937
Supposed(Tagged As) : B-Name(I-Name)

76
334
441
575
646
981
1176
1500
1620
1900
2244
2306
2747
2775
2789
2817
3318
3814
3884
3918
Supposed(Tagged As) : B-Name(B-Time)

354
995
1138
2133
3514
Supposed(Tagged As) : B-Name(I-Time)

3100
3611
3781
Supposed(Tagged As) : B-Name(B-Location)

66
Supposed(Tagged As) : B-Name(I-Location)

Supposed(Tagged As) : B-Name(O)

1
93
96
203
229
290
418
479
554
596
611
632
687
728
793
822
896
917
937
975
1039
1093
1113
1241
1268
1332
1343
1431
1523
1674
1756
1789
1805
1839
2031
2059
2101
2208
2225
2271
2284
2331
2401
2422
2506
2528
2543
2638
2652
2656
2683
2686
2725
2834
2848
2893
2921
3062
3079
3137
3218
3240
3272
3295
3357
3414
3629
3651
3654
3704
3743
3872
Supposed(Tagged As) : I-Name(B-Name)

2
100
204
356
797
2545
2642
2849
3101
3275
3359
3655
Supposed(Tagged As) : I-Name(I-Name)

3
4
24
25
26
77
78
101
114
115
138
139
158
159
160
161
162
163
164
205
206
207
246
310
311
331
335
336
337
357
381
382
383
384
400
401
402
431
432
433
434
442
443
456
457
477
494
495
496
497
498
499
500
501
502
519
532
533
534
535
576
577
644
647
666
667
668
669
670
671
672
673
702
703
775
776
777
778
798
799
800
801
802
803
875
876
877
878
879
930
931
957
958
959
982
983
984
985
998
999
1000
1011
1012
1054
1055
1056
1057
1058
1141
1151
1152
1153
1154
1177
1178
1199
1200
1214
1283
1284
1285
1309
1310
1311
1312
1313
1314
1315
1316
1317
1318
1451
1478
1501
1502
1537
1538
1539
1540
1541
1542
1543
1564
1565
1566
1581
1582
1600
1601
1621
1622
1623
1624
1625
1626
1627
1650
1711
1712
1713
1714
1715
1747
1748
1749
1750
1751
1752
1816
1817
1864
1865
1866
1867
1901
1902
1903
1904
1944
1945
1962
1963
2006
2007
2008
2009
2010
2011
2012
2047
2048
2077
2078
2079
2080
2147
2148
2149
2150
2168
2169
2170
2171
2172
2173
2218
2219
2220
2245
2246
2247
2307
2308
2349
2366
2367
2368
2369
2370
2371
2451
2476
2484
2485
2486
2487
2488
2546
2564
2565
2566
2567
2568
2586
2587
2607
2608
2609
2610
2611
2643
2644
2645
2646
2680
2681
2722
2723
2748
2776
2777
2778
2790
2818
2819
2820
2850
2851
2852
2853
2854
2908
2953
2954
2955
2956
2957
2958
2959
2985
2986
3013
3102
3103
3104
3115
3116
3117
3118
3119
3120
3188
3189
3190
3260
3261
3276
3277
3278
3279
3280
3281
3282
3283
3284
3319
3332
3333
3334
3335
3336
3337
3360
3383
3384
3400
3401
3402
3428
3429
3430
3446
3447
3448
3449
3450
3451
3466
3467
3485
3486
3526
3527
3548
3549
3550
3551
3552
3553
3554
3555
3589
3590
3621
3622
3656
3673
3674
3715
3716
3717
3718
3757
3758
3759
3791
3792
3815
3816
3817
3839
3840
3841
3885
3886
3887
3888
3889
3890
3897
3898
3919
3920
3921
3922
3923
3924
3925
3926
3938
3939
3940
Supposed(Tagged As) : I-Name(B-Time)

1675
2060
2288
Supposed(Tagged As) : I-Name(I-Time)

355
2061
2062
2063
2064
2065
2134
2135
3515
3612
3782
3783
3784
Supposed(Tagged As) : I-Name(B-Location)

481
2032
2836
3417
3873
Supposed(Tagged As) : I-Name(I-Location)

67
68
482
483
484
2033
2034
2837
3418
3419
3420
3874
3875
Supposed(Tagged As) : I-Name(O)

5
6
7
8
9
10
94
97
98
99
208
209
444
445
480
485
555
597
612
613
614
633
634
635
688
729
794
795
796
823
897
918
919
976
1040
1041
1094
1095
1096
1097
1155
1156
1157
1242
1333
1334
1335
1336
1337
1344
1345
1524
1525
1753
1754
1757
1758
1806
1807
1808
2102
2103
2104
2105
2106
2107
2108
2109
2209
2210
2211
2272
2273
2285
2286
2287
2332
2333
2402
2529
2530
2544
2639
2640
2641
2653
2654
2657
2658
2659
2660
2661
2662
2663
2664
2684
2687
2688
2689
2690
2691
2692
2693
2694
2726
2727
2728
2729
2730
2731
2732
2733
2734
2735
2736
2835
3063
3080
3081
3138
3139
3140
3141
3219
3273
3274
3285
3338
3358
3361
3415
3416
3652
3705
3706
3707
3744
Supposed(Tagged As) : B-Time(B-Name)

440
1085
1175
1619
1693
Supposed(Tagged As) : B-Time(I-Name)

312
1486
Supposed(Tagged As) : B-Time(B-Time)

12
80
103
182
210
220
269
292
307
388
421
460
473
504
516
538
560
594
615
625
649
677
685
706
725
733
805
827
914
933
1067
1083
1159
1219
1238
1271
1288
1320
1349
1461
1490
1505
1570
1585
1603
1610
1629
1671
1704
1724
1762
1769
1774
1790
1906
1914
1923
1948
1965
1994
2016
2023
2025
2041
2044
2057
2082
2153
2175
2223
2250
2275
2297
2316
2328
2356
2373
2407
2456
2467
2490
2526
2541
2577
2596
2620
2667
2676
2719
2755
2769
2792
2822
2830
2842
2856
2895
2933
2981
3018
3060
3077
3099
3122
3143
3168
3180
3182
3238
3257
3270
3286
3303
3323
3328
3339
3404
3425
3432
3474
3488
3529
3536
3557
3592
3605
3618
3637
3662
3724
3770
3780
3826
3894
3905
3928
3943
Supposed(Tagged As) : B-Time(I-Time)

256
1092
1676
2513
3394
3516
Supposed(Tagged As) : B-Time(B-Location)

Supposed(Tagged As) : B-Time(I-Location)

148
Supposed(Tagged As) : B-Time(O)

65
118
202
339
398
552
610
637
716
939
973
987
1032
1143
1338
1353
1545
1645
1666
1707
1801
1828
1840
1879
2111
2144
2204
2341
2426
2430
2737
2765
2870
2961
3460
3680
3807
3854
Supposed(Tagged As) : I-Time(B-Name)

1841
Supposed(Tagged As) : I-Time(I-Name)

1086
1087
1487
1694
Supposed(Tagged As) : I-Time(B-Time)

316
1033
1354
1708
2964
3682
3855
Supposed(Tagged As) : I-Time(I-Time)

13
81
104
211
212
221
257
258
270
271
272
293
317
318
389
390
461
462
474
505
517
539
561
562
563
616
617
678
707
726
734
735
736
737
738
739
740
741
806
828
829
830
831
915
934
1034
1068
1069
1070
1071
1160
1161
1162
1220
1239
1272
1273
1274
1275
1289
1321
1350
1462
1491
1492
1493
1494
1506
1507
1571
1572
1586
1587
1588
1589
1604
1605
1611
1612
1630
1631
1632
1633
1672
1677
1705
1709
1725
1763
1764
1775
1791
1907
1915
1916
1949
1950
1951
1952
1966
1995
2017
2018
2026
2027
2028
2042
2045
2083
2154
2176
2177
2178
2251
2276
2277
2298
2299
2300
2317
2318
2319
2320
2357
2358
2359
2360
2374
2408
2409
2410
2411
2412
2457
2458
2491
2514
2515
2578
2579
2580
2597
2621
2622
2623
2624
2668
2677
2756
2757
2793
2794
2795
2796
2823
2824
2825
2843
2844
2845
2857
2858
2859
2860
2896
2897
2934
2935
2965
2982
3019
3020
3021
3022
3123
3144
3169
3183
3184
3185
3186
3287
3304
3324
3325
3329
3340
3341
3395
3405
3433
3475
3489
3490
3491
3492
3493
3517
3530
3531
3537
3538
3558
3593
3594
3595
3596
3606
3607
3608
3609
3638
3663
3683
3725
3771
3772
3773
3827
3828
3856
3857
3858
3859
3906
3907
3929
3944
3945
Supposed(Tagged As) : I-Time(B-Location)

1546
Supposed(Tagged As) : I-Time(I-Location)

Supposed(Tagged As) : I-Time(O)

119
149
313
314
315
340
940
988
989
1646
1647
1648
1667
1802
2112
2113
2114
2205
2342
2343
2427
2428
2431
2432
2433
2766
2962
2963
3288
3289
3290
3461
3681
Supposed(Tagged As) : B-Location(B-Name)

944
2351
Supposed(Tagged As) : B-Location(I-Name)

1842
3015
Supposed(Tagged As) : B-Location(B-Time)

3393
Supposed(Tagged As) : B-Location(I-Time)

106
3342
3860
Supposed(Tagged As) : B-Location(B-Location)

33
83
121
193
237
261
279
295
320
342
404
436
507
525
541
599
690
709
881
899
1036
1073
1109
1144
1164
1184
1222
1249
1509
1607
1635
1652
1810
1830
1909
1997
2068
2085
2116
2156
2180
2253
2461
2493
2510
2533
2572
2599
2626
2670
2696
2739
2759
2943
2967
3034
3106
3125
3171
3192
3202
3252
3306
3435
3477
3495
3519
3560
3598
3624
3640
3727
3909
3931
3947
Supposed(Tagged As) : B-Location(I-Location)

70
145
1548
2036
2839
3876
Supposed(Tagged As) : B-Location(O)

15
214
420
447
465
652
743
808
825
833
924
1089
1123
1277
1291
1323
1352
1433
1464
1591
1696
1721
1772
1793
1954
1968
2050
2237
2301
2323
2345
2376
2414
2436
2782
2861
2894
2988
3025
3087
3146
3292
3533
3665
3685
3694
3786
3830
Supposed(Tagged As) : I-Location(B-Name)

1292
Supposed(Tagged As) : I-Location(I-Name)

945
946
947
1293
1843
2352
2353
Supposed(Tagged As) : I-Location(B-Time)

1124
Supposed(Tagged As) : I-Location(I-Time)

107
1125
1126
3861
Supposed(Tagged As) : I-Location(B-Location)

653
809
834
1230
1295
1436
1465
1972
2051
3836
Supposed(Tagged As) : I-Location(I-Location)

34
84
85
122
123
124
125
126
127
128
129
130
131
132
146
147
194
195
238
239
262
263
280
281
282
283
296
297
298
299
300
321
322
343
344
345
405
437
508
526
542
543
544
545
600
601
602
603
654
655
656
657
691
692
710
711
712
713
714
810
811
812
813
835
836
837
882
883
900
901
902
903
1037
1074
1110
1145
1165
1166
1185
1186
1223
1224
1231
1232
1233
1250
1251
1296
1297
1298
1299
1437
1466
1467
1510
1511
1549
1550
1551
1608
1636
1653
1654
1655
1656
1657
1811
1812
1831
1832
1910
1911
1912
1973
1974
1998
1999
2000
2037
2052
2069
2070
2071
2072
2073
2086
2087
2088
2089
2090
2117
2118
2119
2157
2158
2159
2160
2161
2162
2181
2182
2183
2184
2185
2254
2255
2462
2463
2494
2495
2511
2534
2573
2574
2575
2600
2601
2627
2671
2672
2760
2761
2840
2944
2968
2969
2970
3035
3036
3107
3126
3127
3128
3172
3173
3203
3253
3254
3307
3308
3436
3478
3479
3496
3497
3520
3521
3561
3562
3563
3564
3599
3600
3601
3641
3642
3728
3729
3877
3910
3911
3912
3932
3933
3948
3949
Supposed(Tagged As) : I-Location(O)

16
17
18
19
466
467
468
469
904
925
926
1225
1226
1227
1228
1229
1294
1434
1435
1512
1637
1638
1697
1698
1773
1844
1845
1969
1970
1971
2001
2377
2378
2379
2380
2381
2382
2383
2415
2989
3026
3027
3088
3089
3090
3091
3147
3343
3534
3686
3695
3696
3697
3831
3832
3833
3834
3835
Supposed(Tagged As) : O(B-Name)

224
557
571
978
1195
1260
1408
1499
1516
1726
1898
2241
2305
2310
2403
2742
2772
2786
2815
2910
3039
3161
3317
3813
3823
3865
3883
3917
Supposed(Tagged As) : O(I-Name)

27
28
75
116
332
333
478
520
521
522
523
558
572
573
574
578
645
704
979
980
1013
1014
1015
1016
1017
1018
1019
1179
1180
1181
1182
1196
1215
1216
1217
1261
1286
1409
1410
1411
1412
1452
1453
1454
1455
1456
1457
1479
1480
1481
1482
1483
1484
1485
1517
1583
1727
1728
1868
1869
1899
1925
1926
1927
1928
1946
2013
2221
2242
2243
2248
2311
2312
2313
2404
2405
2452
2453
2588
2589
2590
2591
2592
2593
2594
2743
2744
2745
2746
2749
2773
2774
2787
2788
2816
2911
2912
2913
2914
2937
2938
2939
2940
2941
3014
3040
3041
3042
3162
3385
3386
3387
3675
3676
3677
3678
3719
3793
3794
3795
3796
3797
3798
3799
3800
3801
3802
3824
3842
3843
3844
3845
3846
3847
3848
3866
3867
3868
3869
3870
3891
3892
3899
3900
3901
3902
3903
3904
3941
Supposed(Tagged As) : O(B-Time)

254
1023
1091
1371
1406
1422
2389
2440
2503
2512
3153
Supposed(Tagged As) : O(I-Time)

105
108
109
110
111
255
273
1024
1372
1373
1374
1375
1376
1377
1378
1379
1380
1407
2289
2290
2441
2504
2846
3154
3155
3326
3406
3610
Supposed(Tagged As) : O(B-Location)

143
233
780
964
1004
1357
1885
2213
3614
3658
3851
Supposed(Tagged As) : O(I-Location)

69
71
144
196
234
264
265
781
782
783
884
885
886
887
965
966
1005
1111
1358
1547
1886
1887
2035
2214
2838
3204
3205
3602
3615
3659
3660
3852
3913
3914
3934
Supposed(Tagged As) : O(O)

11
14
20
21
29
30
31
32
35
36
37
38
39
40
42
43
44
45
46
47
48
49
50
51
52
53
54
55
56
57
58
60
61
62
63
64
72
79
82
86
87
88
89
90
91
95
102
117
120
133
134
135
140
141
142
150
151
152
154
155
156
165
166
167
168
169
170
171
172
173
174
175
176
177
178
179
180
183
184
185
186
187
188
189
190
191
192
197
198
199
200
213
215
216
217
218
222
223
225
226
227
228
230
231
232
235
236
240
242
243
244
247
248
249
250
251
252
253
259
260
267
268
274
275
276
277
278
284
286
287
288
289
291
294
301
302
303
304
305
308
319
323
324
325
326
327
328
338
341
346
347
348
349
350
351
352
358
359
360
361
362
363
364
365
366
367
368
369
370
371
372
374
375
376
377
378
379
385
386
387
391
392
393
395
396
397
403
406
407
408
409
410
412
413
414
415
416
417
419
422
423
424
425
426
427
428
435
438
446
448
449
450
451
452
453
458
459
463
464
470
471
475
486
487
488
489
490
491
503
506
509
510
511
513
514
515
524
527
528
529
536
537
540
546
547
548
549
550
553
556
559
564
565
566
567
568
569
579
580
581
582
583
584
585
587
588
589
590
591
592
595
598
604
605
606
607
608
618
619
620
621
622
623
626
627
628
629
630
631
636
638
639
640
642
648
650
651
658
659
660
661
662
663
674
675
676
679
680
681
682
683
686
689
693
694
695
696
697
698
699
705
708
715
717
718
719
720
721
722
723
727
730
731
732
742
744
746
747
748
749
750
751
752
753
754
755
756
757
758
759
760
761
762
763
764
765
766
767
768
769
771
772
773
779
784
785
786
787
788
789
790
791
804
807
814
815
816
817
818
819
820
824
826
832
838
839
840
841
842
843
844
846
847
848
849
850
851
852
853
854
855
856
857
858
859
860
861
862
863
864
865
866
868
869
870
871
872
873
880
888
889
890
891
892
894
895
898
905
906
907
908
909
910
911
912
916
920
921
922
923
927
932
935
936
938
941
942
943
948
949
950
951
952
954
955
960
961
962
963
967
968
969
970
971
974
977
986
990
991
992
993
996
1001
1002
1003
1006
1007
1008
1020
1021
1022
1025
1026
1027
1029
1030
1031
1035
1038
1042
1043
1044
1045
1046
1047
1048
1049
1050
1051
1059
1060
1061
1062
1063
1064
1065
1066
1072
1075
1076
1077
1078
1079
1081
1082
1084
1088
1090
1098
1100
1101
1102
1103
1104
1105
1106
1107
1108
1112
1114
1115
1116
1117
1118
1119
1122
1127
1128
1129
1130
1131
1132
1133
1134
1135
1136
1139
1142
1146
1147
1148
1158
1163
1167
1168
1169
1170
1171
1172
1173
1183
1187
1188
1189
1190
1191
1193
1194
1197
1201
1202
1203
1204
1205
1206
1207
1208
1209
1210
1211
1218
1221
1234
1235
1236
1240
1243
1244
1245
1246
1247
1248
1252
1253
1254
1255
1256
1258
1259
1262
1263
1264
1265
1266
1267
1269
1270
1276
1278
1279
1280
1287
1290
1300
1301
1302
1303
1304
1305
1306
1319
1322
1324
1325
1326
1327
1328
1329
1330
1339
1340
1342
1346
1347
1348
1351
1355
1356
1359
1360
1361
1362
1363
1365
1366
1367
1368
1369
1370
1382
1383
1384
1385
1386
1387
1388
1389
1390
1391
1392
1393
1394
1395
1396
1397
1398
1399
1400
1401
1403
1404
1405
1413
1414
1415
1416
1417
1418
1419
1420
1423
1424
1425
1426
1427
1428
1429
1432
1438
1439
1440
1441
1442
1443
1444
1445
1446
1447
1448
1458
1459
1460
1463
1468
1469
1470
1471
1472
1473
1474
1476
1488
1489
1495
1496
1498
1503
1504
1508
1513
1515
1518
1519
1520
1521
1522
1526
1527
1528
1529
1530
1531
1532
1533
1534
1544
1552
1553
1554
1555
1556
1557
1558
1560
1561
1562
1567
1568
1569
1573
1574
1575
1576
1577
1578
1584
1590
1592
1593
1594
1595
1596
1597
1602
1606
1609
1613
1614
1615
1616
1617
1628
1634
1639
1641
1642
1643
1644
1651
1658
1659
1660
1661
1662
1663
1665
1668
1669
1673
1678
1679
1680
1681
1682
1683
1684
1685
1686
1687
1688
1689
1690
1691
1695
1699
1700
1701
1702
1706
1716
1717
1718
1719
1720
1722
1729
1730
1731
1733
1734
1735
1736
1737
1738
1739
1740
1741
1742
1743
1744
1755
1759
1760
1761
1765
1766
1767
1770
1771
1776
1777
1778
1779
1781
1782
1783
1784
1785
1786
1787
1788
1792
1794
1795
1796
1798
1799
1800
1803
1804
1809
1813
1818
1819
1820
1821
1822
1823
1824
1825
1826
1827
1829
1833
1834
1835
1836
1837
1846
1847
1848
1849
1850
1851
1852
1853
1854
1855
1856
1858
1859
1860
1861
1862
1870
1871
1872
1873
1874
1876
1877
1878
1880
1881
1882
1883
1884
1888
1889
1890
1891
1892
1893
1894
1896
1897
1905
1908
1913
1917
1918
1919
1920
1921
1929
1930
1931
1932
1933
1934
1935
1936
1937
1938
1939
1940
1941
1947
1953
1955
1956
1957
1958
1959
1964
1967
1975
1976
1977
1978
1979
1980
1981
1983
1984
1985
1986
1987
1988
1989
1990
1991
1992
1993
1996
2002
2003
2014
2015
2019
2020
2021
2024
2029
2030
2038
2039
2043
2049
2053
2054
2055
2058
2066
2067
2074
2081
2084
2091
2092
2093
2094
2095
2097
2098
2099
2100
2110
2115
2120
2121
2122
2124
2125
2126
2127
2128
2129
2130
2131
2132
2136
2137
2138
2139
2140
2141
2143
2145
2151
2152
2155
2163
2164
2165
2174
2179
2186
2187
2188
2190
2191
2192
2193
2194
2195
2196
2197
2198
2199
2200
2201
2202
2203
2206
2207
2212
2215
2224
2226
2227
2228
2229
2230
2231
2232
2233
2234
2235
2236
2238
2240
2249
2252
2256
2257
2258
2259
2260
2262
2263
2264
2265
2266
2267
2268
2269
2270
2274
2278
2279
2280
2281
2282
2291
2292
2293
2294
2295
2296
2302
2303
2309
2314
2315
2321
2322
2324
2325
2326
2329
2330
2334
2335
2336
2337
2338
2339
2340
2344
2346
2350
2354
2355
2361
2362
2363
2372
2375
2384
2385
2386
2388
2390
2391
2392
2393
2394
2395
2396
2397
2398
2399
2406
2413
2416
2418
2419
2420
2421
2423
2424
2425
2429
2434
2435
2437
2438
2439
2442
2443
2444
2445
2446
2447
2448
2454
2455
2459
2460
2464
2465
2468
2469
2470
2471
2472
2473
2474
2477
2478
2479
2480
2481
2489
2492
2496
2497
2498
2499
2500
2501
2505
2507
2508
2509
2516
2517
2518
2519
2520
2521
2522
2523
2524
2527
2531
2532
2535
2536
2537
2538
2539
2542
2547
2548
2549
2550
2551
2552
2553
2554
2555
2556
2557
2559
2560
2561
2562
2569
2570
2571
2576
2581
2582
2583
2595
2598
2602
2603
2604
2612
2613
2614
2615
2616
2617
2618
2619
2625
2628
2629
2630
2631
2632
2633
2634
2636
2637
2647
2648
2649
2650
2655
2665
2666
2669
2673
2674
2678
2682
2685
2695
2697
2699
2700
2701
2702
2703
2704
2705
2706
2707
2708
2709
2710
2711
2712
2713
2714
2715
2716
2717
2720
2724
2738
2740
2750
2751
2752
2753
2754
2758
2762
2763
2764
2767
2770
2771
2779
2780
2781
2783
2785
2791
2797
2798
2799
2800
2801
2802
2803
2804
2805
2807
2808
2809
2810
2811
2812
2813
2814
2821
2826
2827
2828
2831
2832
2833
2841
2855
2862
2863
2864
2865
2866
2867
2868
2871
2872
2873
2874
2875
2876
2877
2878
2879
2880
2881
2882
2884
2885
2886
2887
2888
2889
2890
2891
2892
2898
2899
2900
2901
2902
2904
2905
2906
2909
2915
2916
2917
2918
2919
2920
2922
2923
2924
2925
2926
2927
2928
2930
2931
2932
2942
2945
2946
2947
2948
2949
2950
2960
2966
2971
2972
2973
2974
2975
2976
2977
2978
2979
2983
2987
2990
2991
2992
2993
2994
2996
2997
2998
2999
3000
3001
3002
3003
3004
3005
3006
3007
3008
3009
3010
3016
3017
3023
3024
3028
3029
3031
3032
3033
3037
3043
3044
3045
3046
3047
3048
3049
3050
3051
3052
3053
3054
3055
3056
3057
3058
3061
3064
3065
3066
3067
3068
3069
3070
3071
3072
3073
3074
3075
3078
3082
3083
3084
3085
3086
3092
3093
3094
3096
3097
3098
3105
3108
3109
3110
3111
3112
3121
3124
3129
3130
3131
3132
3133
3134
3135
3142
3145
3148
3149
3150
3151
3152
3156
3157
3158
3159
3163
3164
3165
3166
3167
3170
3174
3175
3176
3177
3178
3181
3191
3193
3194
3195
3196
3198
3199
3201
3206
3207
3208
3209
3210
3211
3212
3213
3214
3216
3217
3220
3221
3222
3223
3224
3225
3226
3227
3228
3229
3230
3231
3232
3233
3234
3235
3236
3239
3241
3242
3243
3244
3245
3246
3247
3248
3249
3250
3251
3255
3258
3262
3263
3264
3265
3266
3267
3268
3271
3291
3293
3296
3297
3298
3299
3300
3301
3302
3305
3309
3310
3311
3312
3313
3315
3316
3320
3321
3322
3330
3344
3345
3346
3348
3349
3350
3351
3352
3353
3354
3355
3356
3362
3363
3364
3365
3366
3367
3368
3369
3370
3371
3372
3373
3374
3375
3376
3377
3379
3380
3381
3388
3389
3390
3391
3392
3396
3397
3403
3407
3408
3409
3410
3411
3412
3421
3422
3423
3426
3431
3434
3437
3438
3439
3440
3441
3442
3443
3452
3453
3454
3455
3456
3457
3458
3459
3462
3463
3468
3469
3470
3471
3472
3473
3476
3480
3481
3482
3487
3494
3498
3499
3500
3501
3502
3504
3505
3506
3507
3508
3509
3510
3511
3512
3513
3518
3522
3523
3528
3532
3535
3539
3540
3541
3542
3543
3544
3545
3556
3559
3565
3566
3567
3568
3569
3571
3572
3573
3574
3575
3576
3577
3578
3579
3580
3581
3582
3583
3584
3585
3586
3591
3597
3603
3613
3616
3619
3623
3625
3626
3627
3630
3631
3632
3633
3634
3635
3636
3639
3643
3644
3645
3646
3647
3648
3649
3653
3657
3661
3664
3666
3667
3668
3670
3671
3679
3684
3687
3688
3689
3691
3692
3693
3698
3700
3701
3702
3703
3708
3709
3710
3711
3712
3720
3721
3722
3723
3726
3730
3731
3732
3733
3734
3736
3737
3738
3739
3740
3741
3742
3745
3746
3747
3748
3749
3750
3751
3752
3753
3754
3760
3761
3762
3763
3764
3765
3766
3767
3768
3769
3774
3775
3777
3778
3779
3785
3787
3789
3803
3804
3805
3806
3808
3809
3810
3811
3818
3819
3820
3821
3822
3825
3829
3849
3850
3853
3862
3863
3871
3878
3880
3881
3882
3895
3908
3915
3927
3930
3935
3942
3946
3950
3951
3952
3953
3954
